0.0
0.16326530612244897
0.32653061224489793
0.4897959183673469
0.6530612244897959
0.8163265306122448
0.9795918367346939
1.1428571428571428
1.3061224489795917
1.4693877551020407
1.6326530612244896
1.7959183673469385
1.9591836734693877
2.1224489795918364
2.2857142857142856
2.4489795918367343
2.6122448979591835
2.7755102040816326
2.9387755102040813
3.1020408163265305
3.265306122448979
3.4285714285714284
3.591836734693877
3.7551020408163263
3.9183673469387754
4.081632653061225
4.244897959183673
4.408163265306122
4.571428571428571
4.73469387755102
4.897959183673469
5.061224489795918
5.224489795918367
5.387755102040816
5.551020408163265
5.7142857142857135
5.877551020408163
6.040816326530612
6.204081632653061
6.367346938775509
6.530612244897958
6.693877551020408
6.857142857142857
7.020408163265306
7.183673469387754
7.346938775510203
7.5102040816326525
7.673469387755102
7.836734693877551
8.0