1.2478651821345723
1.2427913168148503
1.2094864517148682
1.1393122401669165
1.2131927107501441
1.1589054397957375
1.0326961605842457
1.1020599719308724
0.9706076680057956
0.9839827653131376
0.7891164920388029
0.6983100949258872
0.5599339136062029
0.4927727304377679
0.43569538976324296
0.279219556833162
0.29237278718012166
0.019180846592441694
0.004187318666365597
-0.06557623377122311
-0.1749152275080364
-0.3110798907507939
-0.37145513971054356
-0.46627848790049947
-0.5864226438373876
-0.5814711314441855
-0.6321073212471333
-0.6111590094863764
-0.6703666438960635
-0.545685814610148
-0.5132841605270949
-0.5591917544106264
-0.361922838337489
-0.2698270493017678
-0.3631562043830442
-0.22077197013371047
-0.13872833627038142
-0.038618271385249266
0.03221013430575417
0.1124725106962114
0.12666207057576945
0.2939680107536984
0.427759490029786
0.5471766267892695
0.6068813852976965
0.5661171521041954
0.6985197444565874
0.8225573303114938
0.7165401266030152
0.7837132731861066